   0.0000000000000000        0.0000000000000000        0.0000000000000000     
   0.0000000000000000        0.0000000000000000        1.0580793449025114     
   0.0000000000000000        0.0000000000000000        2.1161586898050229     
   0.0000000000000000        0.0000000000000000        3.1742380347075345     
   0.0000000000000000        0.0000000000000000        4.2323173796100457     
   0.0000000000000000        1.0580793449025114        0.0000000000000000     
   0.0000000000000000        1.0580793449025114        1.0580793449025114     
   0.0000000000000000        1.0580793449025114        2.1161586898050229     
   0.0000000000000000        1.0580793449025114        3.1742380347075345     
   0.0000000000000000        1.0580793449025114        4.2323173796100457     
   0.0000000000000000        2.1161586898050229        0.0000000000000000     
   0.0000000000000000        2.1161586898050229        1.0580793449025114     
   0.0000000000000000        2.1161586898050229        2.1161586898050229     
   0.0000000000000000        2.1161586898050229        3.1742380347075345     
   0.0000000000000000        2.1161586898050229        4.2323173796100457     
   0.0000000000000000        3.1742380347075345        0.0000000000000000     
   0.0000000000000000        3.1742380347075345        1.0580793449025114     
   0.0000000000000000        3.1742380347075345        2.1161586898050229     
   0.0000000000000000        3.1742380347075345        3.1742380347075345     
   0.0000000000000000        3.1742380347075345        4.2323173796100457     
   0.0000000000000000        4.2323173796100457        0.0000000000000000     
   0.0000000000000000        4.2323173796100457        1.0580793449025114     
   0.0000000000000000        4.2323173796100457        2.1161586898050229     
   0.0000000000000000        4.2323173796100457        3.1742380347075345     
   0.0000000000000000        4.2323173796100457        4.2323173796100457     
   1.0580793449025114        0.0000000000000000        0.0000000000000000     
   1.0580793449025114        0.0000000000000000        1.0580793449025114     
   1.0580793449025114        0.0000000000000000        2.1161586898050229     
   1.0580793449025114        0.0000000000000000        3.1742380347075345     
   1.0580793449025114        0.0000000000000000        4.2323173796100457     
   1.0580793449025114        1.0580793449025114        0.0000000000000000     
   1.0580793449025114        1.0580793449025114        1.0580793449025114     
   1.0580793449025114        1.0580793449025114        2.1161586898050229     
   1.0580793449025114        1.0580793449025114        3.1742380347075345     
   1.0580793449025114        1.0580793449025114        4.2323173796100457     
   1.0580793449025114        2.1161586898050229        0.0000000000000000     
   1.0580793449025114        2.1161586898050229        1.0580793449025114     
   1.0580793449025114        2.1161586898050229        2.1161586898050229     
   1.0580793449025114        2.1161586898050229        3.1742380347075345     
   1.0580793449025114        2.1161586898050229        4.2323173796100457     
   1.0580793449025114        3.1742380347075345        0.0000000000000000     
   1.0580793449025114        3.1742380347075345        1.0580793449025114     
   1.0580793449025114        3.1742380347075345        2.1161586898050229     
   1.0580793449025114        3.1742380347075345        3.1742380347075345     
   1.0580793449025114        3.1742380347075345        4.2323173796100457     
   1.0580793449025114        4.2323173796100457        0.0000000000000000     
   1.0580793449025114        4.2323173796100457        1.0580793449025114     
   1.0580793449025114        4.2323173796100457        2.1161586898050229     
   1.0580793449025114        4.2323173796100457        3.1742380347075345     
   1.0580793449025114        4.2323173796100457        4.2323173796100457     
   2.1161586898050229        0.0000000000000000        0.0000000000000000     
   2.1161586898050229        0.0000000000000000        1.0580793449025114     
   2.1161586898050229        0.0000000000000000        2.1161586898050229     
   2.1161586898050229        0.0000000000000000        3.1742380347075345     
   2.1161586898050229        0.0000000000000000        4.2323173796100457     
   2.1161586898050229        1.0580793449025114        0.0000000000000000     
   2.1161586898050229        1.0580793449025114        1.0580793449025114     
   2.1161586898050229        1.0580793449025114        2.1161586898050229     
   2.1161586898050229        1.0580793449025114        3.1742380347075345     
   2.1161586898050229        1.0580793449025114        4.2323173796100457     
   2.1161586898050229        2.1161586898050229        0.0000000000000000     
   2.1161586898050229        2.1161586898050229        1.0580793449025114     
   2.1161586898050229        2.1161586898050229        2.1161586898050229     
   2.1161586898050229        2.1161586898050229        3.1742380347075345     
   2.1161586898050229        2.1161586898050229        4.2323173796100457     
   2.1161586898050229        3.1742380347075345        0.0000000000000000     
   2.1161586898050229        3.1742380347075345        1.0580793449025114     
   2.1161586898050229        3.1742380347075345        2.1161586898050229     
   2.1161586898050229        3.1742380347075345        3.1742380347075345     
   2.1161586898050229        3.1742380347075345        4.2323173796100457     
   2.1161586898050229        4.2323173796100457        0.0000000000000000     
   2.1161586898050229        4.2323173796100457        1.0580793449025114     
   2.1161586898050229        4.2323173796100457        2.1161586898050229     
   2.1161586898050229        4.2323173796100457        3.1742380347075345     
   2.1161586898050229        4.2323173796100457        4.2323173796100457     
   3.1742380347075345        0.0000000000000000        0.0000000000000000     
   3.1742380347075345        0.0000000000000000        1.0580793449025114     
   3.1742380347075345        0.0000000000000000        2.1161586898050229     
   3.1742380347075345        0.0000000000000000        3.1742380347075345     
   3.1742380347075345        0.0000000000000000        4.2323173796100457     
   3.1742380347075345        1.0580793449025114        0.0000000000000000     
   3.1742380347075345        1.0580793449025114        1.0580793449025114     
   3.1742380347075345        1.0580793449025114        2.1161586898050229     
   3.1742380347075345        1.0580793449025114        3.1742380347075345     
   3.1742380347075345        1.0580793449025114        4.2323173796100457     
   3.1742380347075345        2.1161586898050229        0.0000000000000000     
   3.1742380347075345        2.1161586898050229        1.0580793449025114     
   3.1742380347075345        2.1161586898050229        2.1161586898050229     
   3.1742380347075345        2.1161586898050229        3.1742380347075345     
   3.1742380347075345        2.1161586898050229        4.2323173796100457     
   3.1742380347075345        3.1742380347075345        0.0000000000000000     
   3.1742380347075345        3.1742380347075345        1.0580793449025114     
   3.1742380347075345        3.1742380347075345        2.1161586898050229     
   3.1742380347075345        3.1742380347075345        3.1742380347075345     
   3.1742380347075345        3.1742380347075345        4.2323173796100457     
   3.1742380347075345        4.2323173796100457        0.0000000000000000     
   3.1742380347075345        4.2323173796100457        1.0580793449025114     
   3.1742380347075345        4.2323173796100457        2.1161586898050229     
   3.1742380347075345        4.2323173796100457        3.1742380347075345     
   3.1742380347075345        4.2323173796100457        4.2323173796100457     
   4.2323173796100457        0.0000000000000000        0.0000000000000000     
   4.2323173796100457        0.0000000000000000        1.0580793449025114     
   4.2323173796100457        0.0000000000000000        2.1161586898050229     
   4.2323173796100457        0.0000000000000000        3.1742380347075345     
   4.2323173796100457        0.0000000000000000        4.2323173796100457     
   4.2323173796100457        1.0580793449025114        0.0000000000000000     
   4.2323173796100457        1.0580793449025114        1.0580793449025114     
   4.2323173796100457        1.0580793449025114        2.1161586898050229     
