   0.0000000000000000        0.0000000000000000        0.0000000000000000     
   0.0000000000000000        0.0000000000000000        1.0580793521882328     
   0.0000000000000000        0.0000000000000000        2.1161587043764656     
   0.0000000000000000        0.0000000000000000        3.1742380565646986     
   0.0000000000000000        0.0000000000000000        4.2323174087529312     
   0.0000000000000000        0.0000000000000000        5.2903967609411637     
   0.0000000000000000        1.0580793521882328        0.0000000000000000     
   0.0000000000000000        1.0580793521882328        1.0580793521882328     
   0.0000000000000000        1.0580793521882328        2.1161587043764656     
   0.0000000000000000        1.0580793521882328        3.1742380565646986     
   0.0000000000000000        1.0580793521882328        4.2323174087529312     
   0.0000000000000000        1.0580793521882328        5.2903967609411637     
   0.0000000000000000        2.1161587043764656        0.0000000000000000     
   0.0000000000000000        2.1161587043764656        1.0580793521882328     
   0.0000000000000000        2.1161587043764656        2.1161587043764656     
   0.0000000000000000        2.1161587043764656        3.1742380565646986     
   0.0000000000000000        2.1161587043764656        4.2323174087529312     
   0.0000000000000000        2.1161587043764656        5.2903967609411637     
   0.0000000000000000        3.1742380565646986        0.0000000000000000     
   0.0000000000000000        3.1742380565646986        1.0580793521882328     
   0.0000000000000000        3.1742380565646986        2.1161587043764656     
   0.0000000000000000        3.1742380565646986        3.1742380565646986     
   0.0000000000000000        3.1742380565646986        4.2323174087529312     
   0.0000000000000000        3.1742380565646986        5.2903967609411637     
   0.0000000000000000        4.2323174087529312        0.0000000000000000     
   0.0000000000000000        4.2323174087529312        1.0580793521882328     
   0.0000000000000000        4.2323174087529312        2.1161587043764656     
   0.0000000000000000        4.2323174087529312        3.1742380565646986     
   0.0000000000000000        4.2323174087529312        4.2323174087529312     
   0.0000000000000000        4.2323174087529312        5.2903967609411637     
   0.0000000000000000        5.2903967609411637        0.0000000000000000     
   0.0000000000000000        5.2903967609411637        1.0580793521882328     
   0.0000000000000000        5.2903967609411637        2.1161587043764656     
   0.0000000000000000        5.2903967609411637        3.1742380565646986     
   0.0000000000000000        5.2903967609411637        4.2323174087529312     
   0.0000000000000000        5.2903967609411637        5.2903967609411637     
   1.0580793521882328        0.0000000000000000        0.0000000000000000     
   1.0580793521882328        0.0000000000000000        1.0580793521882328     
   1.0580793521882328        0.0000000000000000        2.1161587043764656     
   1.0580793521882328        0.0000000000000000        3.1742380565646986     
   1.0580793521882328        0.0000000000000000        4.2323174087529312     
   1.0580793521882328        0.0000000000000000        5.2903967609411637     
   1.0580793521882328        1.0580793521882328        0.0000000000000000     
   1.0580793521882328        1.0580793521882328        1.0580793521882328     
   1.0580793521882328        1.0580793521882328        2.1161587043764656     
   1.0580793521882328        1.0580793521882328        3.1742380565646986     
   1.0580793521882328        1.0580793521882328        4.2323174087529312     
   1.0580793521882328        1.0580793521882328        5.2903967609411637     
   1.0580793521882328        2.1161587043764656        0.0000000000000000     
   1.0580793521882328        2.1161587043764656        1.0580793521882328     
   1.0580793521882328        2.1161587043764656        2.1161587043764656     
   1.0580793521882328        2.1161587043764656        3.1742380565646986     
   1.0580793521882328        2.1161587043764656        4.2323174087529312     
   1.0580793521882328        2.1161587043764656        5.2903967609411637     
   1.0580793521882328        3.1742380565646986        0.0000000000000000     
   1.0580793521882328        3.1742380565646986        1.0580793521882328     
   1.0580793521882328        3.1742380565646986        2.1161587043764656     
   1.0580793521882328        3.1742380565646986        3.1742380565646986     
   1.0580793521882328        3.1742380565646986        4.2323174087529312     
   1.0580793521882328        3.1742380565646986        5.2903967609411637     
   1.0580793521882328        4.2323174087529312        0.0000000000000000     
   1.0580793521882328        4.2323174087529312        1.0580793521882328     
   1.0580793521882328        4.2323174087529312        2.1161587043764656     
   1.0580793521882328        4.2323174087529312        3.1742380565646986     
   1.0580793521882328        4.2323174087529312        4.2323174087529312     
   1.0580793521882328        4.2323174087529312        5.2903967609411637     
   1.0580793521882328        5.2903967609411637        0.0000000000000000     
   1.0580793521882328        5.2903967609411637        1.0580793521882328     
   1.0580793521882328        5.2903967609411637        2.1161587043764656     
   1.0580793521882328        5.2903967609411637        3.1742380565646986     
   1.0580793521882328        5.2903967609411637        4.2323174087529312     
   1.0580793521882328        5.2903967609411637        5.2903967609411637     
   2.1161587043764656        0.0000000000000000        0.0000000000000000     
   2.1161587043764656        0.0000000000000000        1.0580793521882328     
   2.1161587043764656        0.0000000000000000        2.1161587043764656     
   2.1161587043764656        0.0000000000000000        3.1742380565646986     
   2.1161587043764656        0.0000000000000000        4.2323174087529312     
   2.1161587043764656        0.0000000000000000        5.2903967609411637     
   2.1161587043764656        1.0580793521882328        0.0000000000000000     
   2.1161587043764656        1.0580793521882328        1.0580793521882328     
   2.1161587043764656        1.0580793521882328        2.1161587043764656     
   2.1161587043764656        1.0580793521882328        3.1742380565646986     
   2.1161587043764656        1.0580793521882328        4.2323174087529312     
   2.1161587043764656        1.0580793521882328        5.2903967609411637     
   2.1161587043764656        2.1161587043764656        0.0000000000000000     
   2.1161587043764656        2.1161587043764656        1.0580793521882328     
   2.1161587043764656        2.1161587043764656        2.1161587043764656     
   2.1161587043764656        2.1161587043764656        3.1742380565646986     
   2.1161587043764656        2.1161587043764656        4.2323174087529312     
   2.1161587043764656        2.1161587043764656        5.2903967609411637     
   2.1161587043764656        3.1742380565646986        0.0000000000000000     
   2.1161587043764656        3.1742380565646986        1.0580793521882328     
   2.1161587043764656        3.1742380565646986        2.1161587043764656     
   2.1161587043764656        3.1742380565646986        3.1742380565646986     
   2.1161587043764656        3.1742380565646986        4.2323174087529312     
   2.1161587043764656        3.1742380565646986        5.2903967609411637     
   2.1161587043764656        4.2323174087529312        0.0000000000000000     
   2.1161587043764656        4.2323174087529312        1.0580793521882328     
   2.1161587043764656        4.2323174087529312        2.1161587043764656     
   2.1161587043764656        4.2323174087529312        3.1742380565646986     
   2.1161587043764656        4.2323174087529312        4.2323174087529312     
   2.1161587043764656        4.2323174087529312        5.2903967609411637     
   2.1161587043764656        5.2903967609411637        0.0000000000000000     
   2.1161587043764656        5.2903967609411637        1.0580793521882328     
   2.1161587043764656        5.2903967609411637        2.1161587043764656     
   2.1161587043764656        5.2903967609411637        3.1742380565646986     
   2.1161587043764656        5.2903967609411637        4.2323174087529312     
   2.1161587043764656        5.2903967609411637        5.2903967609411637     
   3.1742380565646986        0.0000000000000000        0.0000000000000000     
   3.1742380565646986        0.0000000000000000        1.0580793521882328     
   3.1742380565646986        0.0000000000000000        2.1161587043764656     
   3.1742380565646986        0.0000000000000000        3.1742380565646986     
   3.1742380565646986        0.0000000000000000        4.2323174087529312     
   3.1742380565646986        0.0000000000000000        5.2903967609411637     
   3.1742380565646986        1.0580793521882328        0.0000000000000000     
   3.1742380565646986        1.0580793521882328        1.0580793521882328     
   3.1742380565646986        1.0580793521882328        2.1161587043764656     
   3.1742380565646986        1.0580793521882328        3.1742380565646986     
   3.1742380565646986        1.0580793521882328        4.2323174087529312     
   3.1742380565646986        1.0580793521882328        5.2903967609411637     
   3.1742380565646986        2.1161587043764656        0.0000000000000000     
   3.1742380565646986        2.1161587043764656        1.0580793521882328     
   3.1742380565646986        2.1161587043764656        2.1161587043764656     
   3.1742380565646986        2.1161587043764656        3.1742380565646986     
   3.1742380565646986        2.1161587043764656        4.2323174087529312     
   3.1742380565646986        2.1161587043764656        5.2903967609411637     
   3.1742380565646986        3.1742380565646986        0.0000000000000000     
   3.1742380565646986        3.1742380565646986        1.0580793521882328     
   3.1742380565646986        3.1742380565646986        2.1161587043764656     
   3.1742380565646986        3.1742380565646986        3.1742380565646986     
   3.1742380565646986        3.1742380565646986        4.2323174087529312     
   3.1742380565646986        3.1742380565646986        5.2903967609411637     
   3.1742380565646986        4.2323174087529312        0.0000000000000000     
   3.1742380565646986        4.2323174087529312        1.0580793521882328     
   3.1742380565646986        4.2323174087529312        2.1161587043764656     
   3.1742380565646986        4.2323174087529312        3.1742380565646986     
   3.1742380565646986        4.2323174087529312        4.2323174087529312     
   3.1742380565646986        4.2323174087529312        5.2903967609411637     
   3.1742380565646986        5.2903967609411637        0.0000000000000000     
   3.1742380565646986        5.2903967609411637        1.0580793521882328     
   3.1742380565646986        5.2903967609411637        2.1161587043764656     
   3.1742380565646986        5.2903967609411637        3.1742380565646986     
   3.1742380565646986        5.2903967609411637        4.2323174087529312     
   3.1742380565646986        5.2903967609411637        5.2903967609411637     
   4.2323174087529312        0.0000000000000000        0.0000000000000000     
   4.2323174087529312        0.0000000000000000        1.0580793521882328     
   4.2323174087529312        0.0000000000000000        2.1161587043764656     
   4.2323174087529312        0.0000000000000000        3.1742380565646986     
   4.2323174087529312        0.0000000000000000        4.2323174087529312     
   4.2323174087529312        0.0000000000000000        5.2903967609411637     
   4.2323174087529312        1.0580793521882328        0.0000000000000000     
   4.2323174087529312        1.0580793521882328        1.0580793521882328     
   4.2323174087529312        1.0580793521882328        2.1161587043764656     
   4.2323174087529312        1.0580793521882328        3.1742380565646986     
   4.2323174087529312        1.0580793521882328        4.2323174087529312     
   4.2323174087529312        1.0580793521882328        5.2903967609411637     
   4.2323174087529312        2.1161587043764656        0.0000000000000000     
   4.2323174087529312        2.1161587043764656        1.0580793521882328     
   4.2323174087529312        2.1161587043764656        2.1161587043764656     
   4.2323174087529312        2.1161587043764656        3.1742380565646986     
   4.2323174087529312        2.1161587043764656        4.2323174087529312     
   4.2323174087529312        2.1161587043764656        5.2903967609411637     
   4.2323174087529312        3.1742380565646986        0.0000000000000000     
   4.2323174087529312        3.1742380565646986        1.0580793521882328     
   4.2323174087529312        3.1742380565646986        2.1161587043764656     
   4.2323174087529312        3.1742380565646986        3.1742380565646986     
   4.2323174087529312        3.1742380565646986        4.2323174087529312     
   4.2323174087529312        3.1742380565646986        5.2903967609411637     
   4.2323174087529312        4.2323174087529312        0.0000000000000000     
   4.2323174087529312        4.2323174087529312        1.0580793521882328     
   4.2323174087529312        4.2323174087529312        2.1161587043764656     
   4.2323174087529312        4.2323174087529312        3.1742380565646986     
   4.2323174087529312        4.2323174087529312        4.2323174087529312     
   4.2323174087529312        4.2323174087529312        5.2903967609411637     
   4.2323174087529312        5.2903967609411637        0.0000000000000000     
   4.2323174087529312        5.2903967609411637        1.0580793521882328     
   4.2323174087529312        5.2903967609411637        2.1161587043764656     
   4.2323174087529312        5.2903967609411637        3.1742380565646986     
   4.2323174087529312        5.2903967609411637        4.2323174087529312     
   4.2323174087529312        5.2903967609411637        5.2903967609411637     
   5.2903967609411637        0.0000000000000000        0.0000000000000000     
   5.2903967609411637        0.0000000000000000        1.0580793521882328     
   5.2903967609411637        0.0000000000000000        2.1161587043764656     
   5.2903967609411637        0.0000000000000000        3.1742380565646986     
   5.2903967609411637        0.0000000000000000        4.2323174087529312     
   5.2903967609411637        0.0000000000000000        5.2903967609411637     
   5.2903967609411637        1.0580793521882328        0.0000000000000000     
   5.2903967609411637        1.0580793521882328        1.0580793521882328     
   5.2903967609411637        1.0580793521882328        2.1161587043764656     
   5.2903967609411637        1.0580793521882328        3.1742380565646986     
   5.2903967609411637        1.0580793521882328        4.2323174087529312     
   5.2903967609411637        1.0580793521882328        5.2903967609411637     
   5.2903967609411637        2.1161587043764656        0.0000000000000000     
   5.2903967609411637        2.1161587043764656        1.0580793521882328     
   5.2903967609411637        2.1161587043764656        2.1161587043764656     
   5.2903967609411637        2.1161587043764656        3.1742380565646986     
   5.2903967609411637        2.1161587043764656        4.2323174087529312     
   5.2903967609411637        2.1161587043764656        5.2903967609411637     
   5.2903967609411637        3.1742380565646986        0.0000000000000000     
   5.2903967609411637        3.1742380565646986        1.0580793521882328     
   5.2903967609411637        3.1742380565646986        2.1161587043764656     
   5.2903967609411637        3.1742380565646986        3.1742380565646986     
   5.2903967609411637        3.1742380565646986        4.2323174087529312     
   5.2903967609411637        3.1742380565646986        5.2903967609411637     
   5.2903967609411637        4.2323174087529312        0.0000000000000000     
   5.2903967609411637        4.2323174087529312        1.0580793521882328     
   5.2903967609411637        4.2323174087529312        2.1161587043764656     
   5.2903967609411637        4.2323174087529312        3.1742380565646986     
   5.2903967609411637        4.2323174087529312        4.2323174087529312     
   5.2903967609411637        4.2323174087529312        5.2903967609411637     
   5.2903967609411637        5.2903967609411637        0.0000000000000000     
   5.2903967609411637        5.2903967609411637        1.0580793521882328     
   5.2903967609411637        5.2903967609411637        2.1161587043764656     
   5.2903967609411637        5.2903967609411637        3.1742380565646986     
   5.2903967609411637        5.2903967609411637        4.2323174087529312     
   5.2903967609411637        5.2903967609411637        5.2903967609411637     
